# I in A, B in mT

  0    8.3
  1  132.2 
  2  294.3
  3  407.9
  4  480.0
  5  532.4
  6  575.1
  7  610.0
  8  640.6
  9  670.0
 10  696.8
  9  682.6
  8  666.2
  7  647.2
  6  623.5
  5  596.2
  4  561.0
  3  516.0
  2  444.8
  1  299.5
  0  124.5
 -1  -70.1
 -2 -256.7
 -3 -392.1
 -4 -480.9
 -5 -539.5
 -6 -585.5
 -7 -622.0
 -8 -653.0
 -9 -681.8
-10 -709.6
 -9 -692.4
 -8 -674.8
 -7 -656.4
 -6 -633.5
 -5 -606.2
 -4 -571.0
 -3 -528.0
 -2 -464.4
 -1 -336.7
  0 -130.2
  1   70.0
  2  247.9
  3  386.0
  4  475.6
  5  537.1
  6  583.8
  7  622.4
  8  653.2
  9  682.9
 10  709.5
 