# Kennlinienmessung der Hochvakuumiode
# I_H = 2.5A, U_H = 5.5V
# U_B / V, I_A / mA
    0 0
  2.5 0.060
  5.0 0.013
  7.5 0.019
 10.0 0.028
 12.5 0.038
 15.0 0.048
 17.5 0.060
 20.0 0.071
 22.5 0.087
 25.0 0.103
 27.5 0.115
 30.0 0.133
 32.5 0.151
 35.0 0.169
 37.5 0.186
 40.0 0.209
 42.5 0.228
 45.0 0.250
 47.5 0.273
 50.0 0.299
 52.5 0.324
 55.0 0.348
 57.5 0.374
 60.0 0.395
 65.0 0.438
 70.0 0.491
 75.0 0.551
 80.0 0.597
 85.0 0.671
 90.0 0.734
 95.0 0.804
100.0 0.873
110.0 1.000
120.0 1.142
130.0 1.261
140.0 1.391
