# T / °C, p / mbar
20    29
21    33
22    35
23    36
24    38
25    40
26    42
27    44
28    46
29    48
30    51
31    53
32    55
33    58
34    60
35    63
36    65
37    68
38    71
39    74
40    78
41    82
42    87
43    92
44    97
45   103
46   108
47   114
48   121
49   126
50   133
51   138
52   145
53   152
54   160
55   167
56   176
57   183
58   192
59   201
60   209
61   220
62   229
63   240
64   252
65   262
66   276
67   286
68   297
69   311
70   327
71   339
72   353
73   368
74   384
75   402
76   420
77   435
78   451
79   471
80   490
81   508
82   529
83   549
84   568
85   588
86   614
87   637
88   658
89   682
90   708
91   735
92   764
93   794
94   822
95   857
96   884
97   920
98   950
99   987
100 1016
